%YAML:1.0
image_width: 640
image_height: 480
camera_matrix: !!opencv-matrix
   rows: 3
   cols: 3
   dt: d
   data: [ 5.2720323443774907e+02, 0., 3.1512436073688116e+02, 0.,
       5.2281497799556530e+02, 2.3949096015977884e+02, 0., 0., 1. ]
distortion_coefficients: !!opencv-matrix
   rows: 1
   cols: 5
   dt: d
   data: [ 6.0505615964730725e-02, -2.1536070005425384e-01,
       -2.0357461514058559e-03, -1.1181612494602915e-04,
       1.1013473601904104e-01 ]
