%YAML:1.0
cameraMatrix: !!opencv-matrix
   rows: 3
   cols: 3
   dt: d
   data: [ 5.0460128281557968e+02, 0., 3.1291549509897965e+02, 0.,
       6.7282863363346473e+02, 2.4076814559655449e+02, 0., 0., 1. ]
imageSize_width: 640
imageSize_height: 480
sensorSize_width: 0
sensorSize_height: 0
distCoeffs: !!opencv-matrix
   rows: 5
   cols: 1
   dt: d
   data: [ 3.3823179903414956e-02, 2.2315128871300913e-02,
       2.9505810195376071e-03, -2.3607147907618621e-03,
       -2.1674725969647582e-01 ]
reprojectionError: 2.5865647196769714e-01
features:
   - [ 2.89184418e+02, 1.39576843e+02, 3.06358734e+02, 1.34195862e+02,
       3.23580627e+02, 1.29239014e+02, 3.41028625e+02, 1.24242149e+02,
       3.58594788e+02, 1.19037155e+02, 3.75981659e+02, 1.13555115e+02,
       2.91793121e+02, 1.59694229e+02, 3.09468506e+02, 1.54747101e+02,
       3.26762054e+02, 1.49343369e+02, 3.44606079e+02, 1.44051407e+02,
       3.62278046e+02, 1.38770309e+02, 3.80112732e+02, 1.33405060e+02,
       2.94719727e+02, 1.80142334e+02, 3.12419312e+02, 1.75141861e+02,
       3.30412781e+02, 1.69867584e+02, 3.48258362e+02, 1.64813202e+02,
       3.66231415e+02, 1.59382706e+02, 3.84072540e+02, 1.53946304e+02,
       2.97630951e+02, 2.01462479e+02, 3.15666046e+02, 1.96325363e+02,
       3.33680450e+02, 1.91284897e+02, 3.52210541e+02, 1.86008194e+02,
       3.70266907e+02, 1.80915878e+02, 3.88568329e+02, 1.75366684e+02,
       3.00817902e+02, 2.23701004e+02, 3.18929962e+02, 2.18200607e+02,
       3.37409454e+02, 2.12972198e+02, 3.55892487e+02, 2.07873901e+02,
       3.74518494e+02, 2.02504898e+02, 3.92955322e+02, 1.97351837e+02,
       3.03696747e+02, 2.45742477e+02, 3.22467865e+02, 2.40551010e+02,
       3.40982666e+02, 2.35487747e+02, 3.60036774e+02, 2.30284012e+02,
       3.78649872e+02, 2.25158310e+02, 3.97556458e+02, 2.19516846e+02,
       3.07092285e+02, 2.69274506e+02, 3.26002106e+02, 2.63921997e+02,
       3.44941803e+02, 2.58778290e+02, 3.64035309e+02, 2.53386154e+02,
       3.83177490e+02, 2.48008682e+02, 4.02184723e+02, 2.42676727e+02,
       3.10441223e+02, 2.93482849e+02, 3.29574921e+02, 2.87824066e+02,
       3.48757996e+02, 2.82260162e+02, 3.68373779e+02, 2.77002380e+02,
       3.87653625e+02, 2.72049072e+02, 4.07304688e+02, 2.66723785e+02,
       3.13944946e+02, 3.18465393e+02, 3.33416107e+02, 3.13199860e+02,
       3.52988068e+02, 3.07512238e+02, 3.72574371e+02, 3.01784485e+02,
       3.92415985e+02, 2.96394714e+02, 4.12166687e+02, 2.91207825e+02 ]
   - [ 2.91832550e+02, 1.47464096e+02, 3.09348999e+02, 1.43477158e+02,
       3.26650085e+02, 1.39726364e+02, 3.44370911e+02, 1.36208664e+02,
       3.61859161e+02, 1.32160202e+02, 3.79524384e+02, 1.28792130e+02,
       2.93721375e+02, 1.68020126e+02, 3.11461334e+02, 1.64110748e+02,
       3.29182648e+02, 1.60498047e+02, 3.47063232e+02, 1.56318863e+02,
       3.64816193e+02, 1.53101288e+02, 3.82639313e+02, 1.48545547e+02,
       2.95725006e+02, 1.88690094e+02, 3.13774811e+02, 1.85375168e+02,
       3.31679810e+02, 1.81366745e+02, 3.49835327e+02, 1.77535446e+02,
       3.68000824e+02, 1.73870209e+02, 3.86003174e+02, 1.69781921e+02,
       2.97899841e+02, 2.10380417e+02, 3.16192413e+02, 2.07160706e+02,
       3.34378693e+02, 2.03157288e+02, 3.52739838e+02, 1.99448563e+02,
       3.71085724e+02, 1.95493652e+02, 3.89454926e+02, 1.91542633e+02,
       3.00098145e+02, 2.33090820e+02, 3.18540253e+02, 2.29424210e+02,
       3.37081299e+02, 2.25544235e+02, 3.55663330e+02, 2.21668839e+02,
       3.74393646e+02, 2.17740417e+02, 3.92976959e+02, 2.13869797e+02,
       3.02276917e+02, 2.55967072e+02, 3.21030823e+02, 2.52032623e+02,
       3.39771271e+02, 2.48587814e+02, 3.58727661e+02, 2.44229538e+02,
       3.77603760e+02, 2.40880478e+02, 3.96527374e+02, 2.36556702e+02,
       3.04505371e+02, 2.79681000e+02, 3.23528534e+02, 2.75763428e+02,
       3.42628906e+02, 2.71827698e+02, 3.62054169e+02, 2.68209564e+02,
       3.81128632e+02, 2.64133575e+02, 4.00372009e+02, 2.60823120e+02,
       3.06903076e+02, 3.04587372e+02, 3.26260712e+02, 3.00052490e+02,
       3.45619263e+02, 2.96501770e+02, 3.65252991e+02, 2.92179199e+02,
       3.84652588e+02, 2.88881653e+02, 4.04208893e+02, 2.84597595e+02,
       3.09436615e+02, 3.29601044e+02, 3.28998169e+02, 3.25676819e+02,
       3.48754700e+02, 3.21828186e+02, 3.68536133e+02, 3.17617584e+02,
       3.88502472e+02, 3.13913544e+02, 4.08228058e+02, 3.09807312e+02 ]
   - [ 2.37355667e+02, 1.18863388e+02, 2.55870056e+02, 1.18217125e+02,
       2.74149139e+02, 1.17532822e+02, 2.92487610e+02, 1.16929565e+02,
       3.10575592e+02, 1.16371971e+02, 3.28472687e+02, 1.15765503e+02,
       2.37635315e+02, 1.40310135e+02, 2.56441864e+02, 1.39723450e+02,
       2.75143616e+02, 1.39218063e+02, 2.93600983e+02, 1.38709381e+02,
       3.11786957e+02, 1.37952866e+02, 3.30028137e+02, 1.36827591e+02,
       2.38086136e+02, 1.62621506e+02, 2.57248322e+02, 1.61858093e+02,
       2.75863342e+02, 1.60859161e+02, 2.94630859e+02, 1.60102036e+02,
       3.13213470e+02, 1.59562195e+02, 3.31601685e+02, 1.59176361e+02,
       2.38577316e+02, 1.85492599e+02, 2.57770142e+02, 1.84483688e+02,
       2.76741699e+02, 1.83694290e+02, 2.95896759e+02, 1.83316544e+02,
       3.14607208e+02, 1.82437943e+02, 3.33290649e+02, 1.81342056e+02,
       2.39012360e+02, 2.08674667e+02, 2.58447632e+02, 2.07833817e+02,
       2.77773926e+02, 2.07327621e+02, 2.97188965e+02, 2.06321136e+02,
       3.16057800e+02, 2.04938766e+02, 3.34794861e+02, 2.04068192e+02,
       2.39445541e+02, 2.32584091e+02, 2.59226379e+02, 2.31736465e+02,
       2.78735474e+02, 2.31065018e+02, 2.98402435e+02, 2.30277740e+02,
       3.17495148e+02, 2.28771927e+02, 3.36561523e+02, 2.27730667e+02,
       2.39997330e+02, 2.57712891e+02, 2.59964172e+02, 2.56063751e+02,
       2.79836731e+02, 2.55440002e+02, 2.99577209e+02, 2.54397614e+02,
       3.18968933e+02, 2.52998367e+02, 3.38318573e+02, 2.51984589e+02,
       2.40432602e+02, 2.83348602e+02, 2.60711365e+02, 2.82070862e+02,
       2.80696350e+02, 2.80192993e+02, 3.00954224e+02, 2.79359436e+02,
       3.20618774e+02, 2.78299774e+02, 3.40188477e+02, 2.76782501e+02,
       2.40994095e+02, 3.09367096e+02, 2.61440277e+02, 3.07827454e+02,
       2.81932129e+02, 3.06785309e+02, 3.02343658e+02, 3.05164215e+02,
       3.22231079e+02, 3.03711365e+02, 3.42237976e+02, 3.02778931e+02 ]
   - [ 2.48150864e+02, 1.49504868e+02, 2.66516846e+02, 1.49858017e+02,
       2.84492523e+02, 1.50243607e+02, 3.02717285e+02, 1.50460251e+02,
       3.20616272e+02, 1.51073883e+02, 3.38426392e+02, 1.51219742e+02,
       2.48034424e+02, 1.71485733e+02, 2.66419434e+02, 1.71713898e+02,
       2.84977570e+02, 1.71612503e+02, 3.03383270e+02, 1.71946472e+02,
       3.21362000e+02, 1.72207306e+02, 3.39428284e+02, 1.72049622e+02,
       2.47748734e+02, 1.93904922e+02, 2.66494995e+02, 1.94368500e+02,
       2.85146851e+02, 1.94476944e+02, 3.03751373e+02, 1.94452209e+02,
       3.22134888e+02, 1.94674667e+02, 3.40352325e+02, 1.94854767e+02,
       2.47598648e+02, 2.16676102e+02, 2.66520203e+02, 2.17208740e+02,
       2.85491425e+02, 2.17305130e+02, 3.04428864e+02, 2.17454987e+02,
       3.22798706e+02, 2.17462799e+02, 3.41384766e+02, 2.17442383e+02,
       2.47401947e+02, 2.40548843e+02, 2.66543884e+02, 2.40539185e+02,
       2.85678619e+02, 2.40632202e+02, 3.04795349e+02, 2.40512787e+02,
       3.23693756e+02, 2.40452744e+02, 3.42362335e+02, 2.40434753e+02,
       2.47005844e+02, 2.64707397e+02, 2.66652740e+02, 2.64748566e+02,
       2.86013031e+02, 2.64555511e+02, 3.05533020e+02, 2.64516998e+02,
       3.24466644e+02, 2.64471802e+02, 3.43450806e+02, 2.64303009e+02,
       2.46909882e+02, 2.90289398e+02, 2.66566101e+02, 2.89633514e+02,
       2.86455231e+02, 2.89614044e+02, 3.06082703e+02, 2.89443054e+02,
       3.25412903e+02, 2.89358978e+02, 3.44445618e+02, 2.89276306e+02,
       2.46528320e+02, 3.15728699e+02, 2.66632996e+02, 3.15450317e+02,
       2.86611511e+02, 3.15151337e+02, 3.06514496e+02, 3.15122986e+02,
