%YAML:1.0
aruco_bc_nmarkers: 176
aruco_bc_mInfoType: 0
aruco_bc_markers:
   - { id:233, corners:[ [ -950., -650., 0. ], [ -850., -650., 0. ], [
       -850., -550., 0. ], [ -950., -550., 0. ] ] }
   - { id:553, corners:[ [ -830., -650., 0. ], [ -730., -650., 0. ], [
       -730., -550., 0. ], [ -830., -550., 0. ] ] }
   - { id:292, corners:[ [ -710., -650., 0. ], [ -610., -650., 0. ], [
       -610., -550., 0. ], [ -710., -550., 0. ] ] }
   - { id:62, corners:[ [ -590., -650., 0. ], [ -490., -650., 0. ], [
       -490., -550., 0. ], [ -590., -550., 0. ] ] }
   - { id:385, corners:[ [ -470., -650., 0. ], [ -370., -650., 0. ], [
       -370., -550., 0. ], [ -470., -550., 0. ] ] }
   - { id:1007, corners:[ [ -350., -650., 0. ], [ -250., -650., 0. ], [
       -250., -550., 0. ], [ -350., -550., 0. ] ] }
   - { id:576, corners:[ [ -230., -650., 0. ], [ -130., -650., 0. ], [
       -130., -550., 0. ], [ -230., -550., 0. ] ] }
   - { id:754, corners:[ [ -110., -650., 0. ], [ -10., -650., 0. ], [
       -10., -550., 0. ], [ -110., -550., 0. ] ] }
   - { id:52, corners:[ [ 10., -650., 0. ], [ 110., -650., 0. ], [ 110.,
       -550., 0. ], [ 10., -550., 0. ] ] }
   - { id:418, corners:[ [ 130., -650., 0. ], [ 230., -650., 0. ], [
       230., -550., 0. ], [ 130., -550., 0. ] ] }
   - { id:465, corners:[ [ 250., -650., 0. ], [ 350., -650., 0. ], [
       350., -550., 0. ], [ 250., -550., 0. ] ] }
   - { id:424, corners:[ [ 370., -650., 0. ], [ 470., -650., 0. ], [
       470., -550., 0. ], [ 370., -550., 0. ] ] }
   - { id:156, corners:[ [ 490., -650., 0. ], [ 590., -650., 0. ], [
       590., -550., 0. ], [ 490., -550., 0. ] ] }
   - { id:241, corners:[ [ 610., -650., 0. ], [ 710., -650., 0. ], [
       710., -550., 0. ], [ 610., -550., 0. ] ] }
   - { id:966, corners:[ [ 730., -650., 0. ], [ 830., -650., 0. ], [
       830., -550., 0. ], [ 730., -550., 0. ] ] }
   - { id:291, corners:[ [ 850., -650., 0. ], [ 950., -650., 0. ], [
       950., -550., 0. ], [ 850., -550., 0. ] ] }
   - { id:105, corners:[ [ -950., -530., 0. ], [ -850., -530., 0. ], [
       -850., -430., 0. ], [ -950., -430., 0. ] ] }
   - { id:628, corners:[ [ -830., -530., 0. ], [ -730., -530., 0. ], [
       -730., -430., 0. ], [ -830., -430., 0. ] ] }
   - { id:1010, corners:[ [ -710., -530., 0. ], [ -610., -530., 0. ], [
       -610., -430., 0. ], [ -710., -430., 0. ] ] }
   - { id:153, corners:[ [ -590., -530., 0. ], [ -490., -530., 0. ], [
       -490., -430., 0. ], [ -590., -430., 0. ] ] }
   - { id:100, corners:[ [ -470., -530., 0. ], [ -370., -530., 0. ], [
       -370., -430., 0. ], [ -470., -430., 0. ] ] }
   - { id:429, corners:[ [ -350., -530., 0. ], [ -250., -530., 0. ], [
       -250., -430., 0. ], [ -350., -430., 0. ] ] }
   - { id:120, corners:[ [ -230., -530., 0. ], [ -130., -530., 0. ], [
       -130., -430., 0. ], [ -230., -430., 0. ] ] }
   - { id:422, corners:[ [ -110., -530., 0. ], [ -10., -530., 0. ], [
       -10., -430., 0. ], [ -110., -430., 0. ] ] }
   - { id:317, corners:[ [ 10., -530., 0. ], [ 110., -530., 0. ], [ 110.,
       -430., 0. ], [ 10., -430., 0. ] ] }
   - { id:862, corners:[ [ 130., -530., 0. ], [ 230., -530., 0. ], [
       230., -430., 0. ], [ 130., -430., 0. ] ] }
   - { id:453, corners:[ [ 250., -530., 0. ], [ 350., -530., 0. ], [
       350., -430., 0. ], [ 250., -430., 0. ] ] }
   - { id:735, corners:[ [ 370., -530., 0. ], [ 470., -530., 0. ], [
       470., -430., 0. ], [ 370., -430., 0. ] ] }
   - { id:678, corners:[ [ 490., -530., 0. ], [ 590., -530., 0. ], [
       590., -430., 0. ], [ 490., -430., 0. ] ] }
   - { id:245, corners:[ [ 610., -530., 0. ], [ 710., -530., 0. ], [
       710., -430., 0. ], [ 610., -430., 0. ] ] }
   - { id:261, corners:[ [ 730., -530., 0. ], [ 830., -530., 0. ], [
       830., -430., 0. ], [ 730., -430., 0. ] ] }
   - { id:616, corners:[ [ 850., -530., 0. ], [ 950., -530., 0. ], [
       950., -430., 0. ], [ 850., -430., 0. ] ] }
   - { id:627, corners:[ [ -950., -410., 0. ], [ -850., -410., 0. ], [
       -850., -310., 0. ], [ -950., -310., 0. ] ] }
   - { id:744, corners:[ [ -830., -410., 0. ], [ -730., -410., 0. ], [
       -730., -310., 0. ], [ -830., -310., 0. ] ] }
   - { id:370, corners:[ [ -710., -410., 0. ], [ -610., -410., 0. ], [
       -610., -310., 0. ], [ -710., -310., 0. ] ] }
   - { id:793, corners:[ [ -590., -410., 0. ], [ -490., -410., 0. ], [
       -490., -310., 0. ], [ -590., -310., 0. ] ] }
   - { id:868, corners:[ [ -470., -410., 0. ], [ -370., -410., 0. ], [
       -370., -310., 0. ], [ -470., -310., 0. ] ] }
   - { id:282, corners:[ [ -350., -410., 0. ], [ -250., -410., 0. ], [
       -250., -310., 0. ], [ -350., -310., 0. ] ] }
   - { id:260, corners:[ [ -230., -410., 0. ], [ -130., -410., 0. ], [
       -130., -310., 0. ], [ -230., -310., 0. ] ] }
   - { id:151, corners:[ [ -110., -410., 0. ], [ -10., -410., 0. ], [
       -10., -310., 0. ], [ -110., -310., 0. ] ] }
   - { id:207, corners:[ [ 10., -410., 0. ], [ 110., -410., 0. ], [ 110.,
       -310., 0. ], [ 10., -310., 0. ] ] }
   - { id:1019, corners:[ [ 130., -410., 0. ], [ 230., -410., 0. ], [
       230., -310., 0. ], [ 130., -310., 0. ] ] }
   - { id:581, corners:[ [ 250., -410., 0. ], [ 350., -410., 0. ], [
       350., -310., 0. ], [ 250., -310., 0. ] ] }
   - { id:43, corners:[ [ 370., -410., 0. ], [ 470., -410., 0. ], [ 470.,
       -310., 0. ], [ 370., -310., 0. ] ] }
   - { id:236, corners:[ [ 490., -410., 0. ], [ 590., -410., 0. ], [
       590., -310., 0. ], [ 490., -310., 0. ] ] }
   - { id:258, corners:[ [ 610., -410., 0. ], [ 710., -410., 0. ], [
       710., -310., 0. ], [ 610., -310., 0. ] ] }
   - { id:440, corners:[ [ 730., -410., 0. ], [ 830., -410., 0. ], [
       830., -310., 0. ], [ 730., -310., 0. ] ] }
   - { id:306, corners:[ [ 850., -410., 0. ], [ 950., -410., 0. ], [
       950., -310., 0. ], [ 850., -310., 0. ] ] }
   - { id:971, corners:[ [ -950., -290., 0. ], [ -850., -290., 0. ], [
       -850., -190., 0. ], [ -950., -190., 0. ] ] }
   - { id:999, corners:[ [ -830., -290., 0. ], [ -730., -290., 0. ], [
       -730., -190., 0. ], [ -830., -190., 0. ] ] }
   - { id:9, corners:[ [ -710., -290., 0. ], [ -610., -290., 0. ], [
       -610., -190., 0. ], [ -710., -190., 0. ] ] }
   - { id:269, corners:[ [ -590., -290., 0. ], [ -490., -290., 0. ], [
       -490., -190., 0. ], [ -590., -190., 0. ] ] }
   - { id:845, corners:[ [ -470., -290., 0. ], [ -370., -290., 0. ], [
       -370., -190., 0. ], [ -470., -190., 0. ] ] }
   - { id:789, corners:[ [ -350., -290., 0. ], [ -250., -290., 0. ], [
       -250., -190., 0. ], [ -350., -190., 0. ] ] }
   - { id:164, corners:[ [ -230., -290., 0. ], [ -130., -290., 0. ], [
       -130., -190., 0. ], [ -230., -190., 0. ] ] }
   - { id:612, corners:[ [ -110., -290., 0. ], [ -10., -290., 0. ], [
       -10., -190., 0. ], [ -110., -190., 0. ] ] }
   - { id:672, corners:[ [ 10., -290., 0. ], [ 110., -290., 0. ], [ 110.,
       -190., 0. ], [ 10., -190., 0. ] ] }
   - { id:223, corners:[ [ 130., -290., 0. ], [ 230., -290., 0. ], [
       230., -190., 0. ], [ 130., -190., 0. ] ] }
   - { id:50, corners:[ [ 250., -290., 0. ], [ 350., -290., 0. ], [ 350.,
       -190., 0. ], [ 250., -190., 0. ] ] }
   - { id:419, corners:[ [ 370., -290., 0. ], [ 470., -290., 0. ], [
       470., -190., 0. ], [ 370., -190., 0. ] ] }
   - { id:224, corners:[ [ 490., -290., 0. ], [ 590., -290., 0. ], [
       590., -190., 0. ], [ 490., -190., 0. ] ] }
   - { id:675, corners:[ [ 610., -290., 0. ], [ 710., -290., 0. ], [
       710., -190., 0. ], [ 610., -190., 0. ] ] }
   - { id:169, corners:[ [ 730., -290., 0. ], [ 830., -290., 0. ], [
       830., -190., 0. ], [ 730., -190., 0. ] ] }
   - { id:365, corners:[ [ 850., -290., 0. ], [ 950., -290., 0. ], [
       950., -190., 0. ], [ 850., -190., 0. ] ] }
   - { id:328, corners:[ [ -950., -170., 0. ], [ -850., -170., 0. ], [
       -850., -70., 0. ], [ -950., -70., 0. ] ] }
   - { id:591, corners:[ [ -830., -170., 0. ], [ -730., -170., 0. ], [
