%YAML:1.0
aruco_bc_nmarkers: 704
aruco_bc_mInfoType: 0
aruco_bc_markers:
   - { id:170, corners:[ [ -1910., -1310., 0. ], [ -1810., -1310., 0. ],
       [ -1810., -1210., 0. ], [ -1910., -1210., 0. ] ] }
   - { id:588, corners:[ [ -1790., -1310., 0. ], [ -1690., -1310., 0. ],
       [ -1690., -1210., 0. ], [ -1790., -1210., 0. ] ] }
   - { id:880, corners:[ [ -1670., -1310., 0. ], [ -1570., -1310., 0. ],
       [ -1570., -1210., 0. ], [ -1670., -1210., 0. ] ] }
   - { id:592, corners:[ [ -1550., -1310., 0. ], [ -1450., -1310., 0. ],
       [ -1450., -1210., 0. ], [ -1550., -1210., 0. ] ] }
   - { id:764, corners:[ [ -1430., -1310., 0. ], [ -1330., -1310., 0. ],
       [ -1330., -1210., 0. ], [ -1430., -1210., 0. ] ] }
   - { id:944, corners:[ [ -1310., -1310., 0. ], [ -1210., -1310., 0. ],
       [ -1210., -1210., 0. ], [ -1310., -1210., 0. ] ] }
   - { id:788, corners:[ [ -1190., -1310., 0. ], [ -1090., -1310., 0. ],
       [ -1090., -1210., 0. ], [ -1190., -1210., 0. ] ] }
   - { id:306, corners:[ [ -1070., -1310., 0. ], [ -970., -1310., 0. ],
       [ -970., -1210., 0. ], [ -1070., -1210., 0. ] ] }
   - { id:118, corners:[ [ -950., -1310., 0. ], [ -850., -1310., 0. ], [
       -850., -1210., 0. ], [ -950., -1210., 0. ] ] }
   - { id:142, corners:[ [ -830., -1310., 0. ], [ -730., -1310., 0. ], [
       -730., -1210., 0. ], [ -830., -1210., 0. ] ] }
   - { id:69, corners:[ [ -710., -1310., 0. ], [ -610., -1310., 0. ], [
       -610., -1210., 0. ], [ -710., -1210., 0. ] ] }
   - { id:343, corners:[ [ -590., -1310., 0. ], [ -490., -1310., 0. ], [
       -490., -1210., 0. ], [ -590., -1210., 0. ] ] }
   - { id:790, corners:[ [ -470., -1310., 0. ], [ -370., -1310., 0. ], [
       -370., -1210., 0. ], [ -470., -1210., 0. ] ] }
   - { id:363, corners:[ [ -350., -1310., 0. ], [ -250., -1310., 0. ], [
       -250., -1210., 0. ], [ -350., -1210., 0. ] ] }
   - { id:646, corners:[ [ -230., -1310., 0. ], [ -130., -1310., 0. ], [
       -130., -1210., 0. ], [ -230., -1210., 0. ] ] }
   - { id:977, corners:[ [ -110., -1310., 0. ], [ -10., -1310., 0. ], [
       -10., -1210., 0. ], [ -110., -1210., 0. ] ] }
   - { id:428, corners:[ [ 10., -1310., 0. ], [ 110., -1310., 0. ], [
       110., -1210., 0. ], [ 10., -1210., 0. ] ] }
   - { id:818, corners:[ [ 130., -1310., 0. ], [ 230., -1310., 0. ], [
       230., -1210., 0. ], [ 130., -1210., 0. ] ] }
   - { id:499, corners:[ [ 250., -1310., 0. ], [ 350., -1310., 0. ], [
       350., -1210., 0. ], [ 250., -1210., 0. ] ] }
   - { id:625, corners:[ [ 370., -1310., 0. ], [ 470., -1310., 0. ], [
       470., -1210., 0. ], [ 370., -1210., 0. ] ] }
   - { id:43, corners:[ [ 490., -1310., 0. ], [ 590., -1310., 0. ], [
       590., -1210., 0. ], [ 490., -1210., 0. ] ] }
   - { id:957, corners:[ [ 610., -1310., 0. ], [ 710., -1310., 0. ], [
       710., -1210., 0. ], [ 610., -1210., 0. ] ] }
   - { id:888, corners:[ [ 730., -1310., 0. ], [ 830., -1310., 0. ], [
       830., -1210., 0. ], [ 730., -1210., 0. ] ] }
   - { id:1016, corners:[ [ 850., -1310., 0. ], [ 950., -1310., 0. ], [
       950., -1210., 0. ], [ 850., -1210., 0. ] ] }
   - { id:309, corners:[ [ 970., -1310., 0. ], [ 1070., -1310., 0. ], [
       1070., -1210., 0. ], [ 970., -1210., 0. ] ] }
   - { id:705, corners:[ [ 1090., -1310., 0. ], [ 1190., -1310., 0. ], [
       1190., -1210., 0. ], [ 1090., -1210., 0. ] ] }
   - { id:843, corners:[ [ 1210., -1310., 0. ], [ 1310., -1310., 0. ], [
       1310., -1210., 0. ], [ 1210., -1210., 0. ] ] }
   - { id:519, corners:[ [ 1330., -1310., 0. ], [ 1430., -1310., 0. ], [
       1430., -1210., 0. ], [ 1330., -1210., 0. ] ] }
   - { id:409, corners:[ [ 1450., -1310., 0. ], [ 1550., -1310., 0. ], [
       1550., -1210., 0. ], [ 1450., -1210., 0. ] ] }
   - { id:7, corners:[ [ 1570., -1310., 0. ], [ 1670., -1310., 0. ], [
       1670., -1210., 0. ], [ 1570., -1210., 0. ] ] }
   - { id:85, corners:[ [ 1690., -1310., 0. ], [ 1790., -1310., 0. ], [
       1790., -1210., 0. ], [ 1690., -1210., 0. ] ] }
   - { id:677, corners:[ [ 1810., -1310., 0. ], [ 1910., -1310., 0. ], [
       1910., -1210., 0. ], [ 1810., -1210., 0. ] ] }
   - { id:234, corners:[ [ -1910., -1190., 0. ], [ -1810., -1190., 0. ],
       [ -1810., -1090., 0. ], [ -1910., -1090., 0. ] ] }
   - { id:57, corners:[ [ -1790., -1190., 0. ], [ -1690., -1190., 0. ],
       [ -1690., -1090., 0. ], [ -1790., -1090., 0. ] ] }
   - { id:854, corners:[ [ -1670., -1190., 0. ], [ -1570., -1190., 0. ],
       [ -1570., -1090., 0. ], [ -1670., -1090., 0. ] ] }
   - { id:33, corners:[ [ -1550., -1190., 0. ], [ -1450., -1190., 0. ],
       [ -1450., -1090., 0. ], [ -1550., -1090., 0. ] ] }
   - { id:664, corners:[ [ -1430., -1190., 0. ], [ -1330., -1190., 0. ],
       [ -1330., -1090., 0. ], [ -1430., -1090., 0. ] ] }
   - { id:606, corners:[ [ -1310., -1190., 0. ], [ -1210., -1190., 0. ],
       [ -1210., -1090., 0. ], [ -1310., -1090., 0. ] ] }
   - { id:488, corners:[ [ -1190., -1190., 0. ], [ -1090., -1190., 0. ],
       [ -1090., -1090., 0. ], [ -1190., -1090., 0. ] ] }
   - { id:637, corners:[ [ -1070., -1190., 0. ], [ -970., -1190., 0. ],
       [ -970., -1090., 0. ], [ -1070., -1090., 0. ] ] }
   - { id:152, corners:[ [ -950., -1190., 0. ], [ -850., -1190., 0. ], [
       -850., -1090., 0. ], [ -950., -1090., 0. ] ] }
   - { id:906, corners:[ [ -830., -1190., 0. ], [ -730., -1190., 0. ], [
       -730., -1090., 0. ], [ -830., -1090., 0. ] ] }
   - { id:509, corners:[ [ -710., -1190., 0. ], [ -610., -1190., 0. ], [
       -610., -1090., 0. ], [ -710., -1090., 0. ] ] }
   - { id:4, corners:[ [ -590., -1190., 0. ], [ -490., -1190., 0. ], [
       -490., -1090., 0. ], [ -590., -1090., 0. ] ] }
   - { id:371, corners:[ [ -470., -1190., 0. ], [ -370., -1190., 0. ], [
       -370., -1090., 0. ], [ -470., -1090., 0. ] ] }
   - { id:266, corners:[ [ -350., -1190., 0. ], [ -250., -1190., 0. ], [
       -250., -1090., 0. ], [ -350., -1090., 0. ] ] }
   - { id:633, corners:[ [ -230., -1190., 0. ], [ -130., -1190., 0. ], [
       -130., -1090., 0. ], [ -230., -1090., 0. ] ] }
   - { id:181, corners:[ [ -110., -1190., 0. ], [ -10., -1190., 0. ], [
       -10., -1090., 0. ], [ -110., -1090., 0. ] ] }
   - { id:811, corners:[ [ 10., -1190., 0. ], [ 110., -1190., 0. ], [
       110., -1090., 0. ], [ 10., -1090., 0. ] ] }
   - { id:386, corners:[ [ 130., -1190., 0. ], [ 230., -1190., 0. ], [
       230., -1090., 0. ], [ 130., -1090., 0. ] ] }
   - { id:37, corners:[ [ 250., -1190., 0. ], [ 350., -1190., 0. ], [
       350., -1090., 0. ], [ 250., -1090., 0. ] ] }
   - { id:172, corners:[ [ 370., -1190., 0. ], [ 470., -1190., 0. ], [
       470., -1090., 0. ], [ 370., -1090., 0. ] ] }
   - { id:733, corners:[ [ 490., -1190., 0. ], [ 590., -1190., 0. ], [
       590., -1090., 0. ], [ 490., -1090., 0. ] ] }
   - { id:523, corners:[ [ 610., -1190., 0. ], [ 710., -1190., 0. ], [
       710., -1090., 0. ], [ 610., -1090., 0. ] ] }
   - { id:937, corners:[ [ 730., -1190., 0. ], [ 830., -1190., 0. ], [
       830., -1090., 0. ], [ 730., -1090., 0. ] ] }
   - { id:472, corners:[ [ 850., -1190., 0. ], [ 950., -1190., 0. ], [
       950., -1090., 0. ], [ 850., -1090., 0. ] ] }
   - { id:531, corners:[ [ 970., -1190., 0. ], [ 1070., -1190., 0. ], [
       1070., -1090., 0. ], [ 970., -1090., 0. ] ] }
   - { id:9, corners:[ [ 1090., -1190., 0. ], [ 1190., -1190., 0. ], [
       1190., -1090., 0. ], [ 1090., -1090., 0. ] ] }
   - { id:40, corners:[ [ 1210., -1190., 0. ], [ 1310., -1190., 0. ], [
       1310., -1090., 0. ], [ 1210., -1090., 0. ] ] }
   - { id:392, corners:[ [ 1330., -1190., 0. ], [ 1430., -1190., 0. ], [
       1430., -1090., 0. ], [ 1330., -1090., 0. ] ] }
   - { id:132, corners:[ [ 1450., -1190., 0. ], [ 1550., -1190., 0. ], [
       1550., -1090., 0. ], [ 1450., -1090., 0. ] ] }
   - { id:72, corners:[ [ 1570., -1190., 0. ], [ 1670., -1190., 0. ], [
       1670., -1090., 0. ], [ 1570., -1090., 0. ] ] }
   - { id:573, corners:[ [ 1690., -1190., 0. ], [ 1790., -1190., 0. ], [
